1;27-05-06;1;3.39
1;08-12-06;4;4.11
2;24-08-06;4;4.89
1;15-02-08;5;8.0
1;22-03-07;6;1.66
2;13-10-06;8;3.07
1;11-04-08;99;0.55
1;26-12-07;100;9.18
1;11-04-08;12;0.77
2;20-05-06;12;0.743
1;08-12-06;13;0.47
1;27-05-06;14;0.313
1;02-06-07;101;8.99
2;31-01-07;101;6.39
2;18-10-07;16;14.0
2;10-04-07;17;15.49
5;25-02-07;17;13.47
1;26-08-06;18;9.0
2;28-09-07;18;13.85
1;03-11-07;19;6.22
2;18-10-07;19;7.11
2;18-10-07;20;1.32
3;01-07-06;20;1.29
4;20-05-06;20;1.15
5;19-05-07;20;1.32
1;11-04-08;21;3.99
2;25-01-08;21;3.81
5;19-07-07;21;3.42
2;25-01-08;23;2.55
5;19-07-07;23;2.24
1;16-02-07;24;1.39
2;25-01-08;25;1.05
4;15-11-07;25;0.9
5;25-02-07;25;1.0
2;01-04-08;26;3.69
5;19-07-07;26;2.84
2;01-04-08;27;2.55
4;11-12-07;27;2.35
5;19-07-07;27;2.24
2;01-04-08;29;3.69
4;11-12-07;29;3.69
5;19-07-07;29;2.98
1;01-08-07;103;4.51
2;10-04-07;103;5.09
5;19-05-07;103;4.77
2;16-11-06;33;3.17
1;27-05-06;35;2.3
2;20-05-06;36;2.99
1;15-02-08;104;5.7
2;16-11-06;39;3.1
5;19-05-07;39;3.87
1;03-11-07;105;20.21
2;18-10-07;105;20.55
4;15-11-07;105;20.99
2;13-10-06;40;11.75
1;15-02-08;41;2.99
2;01-04-08;41;3.3
1;15-02-08;106;3.34
1;11-04-08;42;4.79
2;01-04-08;42;5.25
2;18-10-07;43;1.17
1;27-05-06;46;0.66
5;25-02-07;108;3.77
2;18-10-07;47;0.67
4;11-12-07;47;0.7
2;16-11-06;48;0.53
2;16-11-06;109;0.57
4;11-12-07;109;0.65
5;25-02-07;109;0.54
2;18-10-07;49;0.55
4;28-10-07;49;0.54
1;27-05-06;50;9.98
2;18-10-07;50;15.9
5;19-05-07;50;14.47
2;18-10-07;51;17.9
5;19-07-07;51;15.53
1;15-02-08;52;16.5
1;15-02-08;53;19.51
2;18-10-07;53;24.9
5;19-07-07;53;21.87
2;10-04-07;110;1.89
2;11-04-08;55;4.49
5;19-05-07;55;2.52
2;10-04-07;56;11.29
5;19-07-07;56;8.5
2;10-04-07;111;7.18
2;11-04-08;58;5.48
4;28-10-07;58;4.9
5;19-05-07;58;4.82
2;20-05-06;59;2.97
1;15-02-08;61;18.98
2;25-01-08;61;16.84
5;25-02-07;61;13.58
1;15-02-08;62;14.91
1;26-08-06;63;11.0
2;20-05-06;64;10.49
1;26-12-07;68;1.3
2;25-01-08;68;1.22
3;01-07-06;68;1.15
5;11-12-07;68;1.35
2;18-10-07;69;8.89
4;11-12-07;69;8.61
5;25-02-07;69;8.68
2;20-05-06;70;1.25
1;01-08-07;71;1.29
2;16-11-06;71;1.29
1;11-04-08;72;1.82
4;11-12-07;72;1.79
2;20-05-06;73;11.5
1;11-04-08;74;14.46
2;25-01-08;74;17.5
4;11-12-07;74;15.5
1;27-05-06;75;8.58
2;03-08-06;76;11.3
2;10-04-07;78;3.29
1;26-08-06;79;16.81
1;22-03-07;80;15.78
1;11-04-08;112;34.97
1;03-11-07;113;27.23
1;27-05-06;81;1.19
2;31-01-07;114;4.9
2;10-04-07;115;7.84
1;11-04-08;116;24.26
1;03-08-06;83;1.74
1;24-08-06;84;2.25
2;18-10-07;117;2.69
4;28-10-07;117;2.69
1;26-12-07;72;1.73
2;13-10-06;87;1.67
1;11-04-08;119;20.2
2;28-09-07;119;20.88
3;12-08-06;119;17.1
5;19-07-07;119;19.48
2;03-08-06;92;1.74
5;19-05-07;121;10.52
1;15-02-08;94;4.56
2;25-01-08;94;6.1
5;19-05-07;94;5.58
1;11-04-08;95;4.74
2;01-04-08;95;4.78
4;11-12-07;95;5.19
5;19-07-07;95;4.42
1;02-06-07;122;1.15
2;31-01-07;123;1.19
1;02-06-07;98;1.75
2;10-04-07;98;1.65
4;20-05-06;98;1.34
5;19-07-07;98;1.58
2;24-04-08;119;25.5
2;24-04-08;20;1.28
2;24-04-08;55;4.49
2;10-05-08;42;5.25
2;10-05-08;58;5.48
2;20-05-06;21;3.29 
2;16-11-06;27;2.13 
2;16-11-06;41;2.39 
1;27-05-06;41;2.14 
1;08-12-06;50;9.98 
1;08-12-06;52;13.39 
1;08-12-06;53;16.38 
2;13-10-06;55;2.15 
2;16-11-06;58;4.97 
1;08-12-06;74;11.02 
2;16-11-06;74;15.8 
2;16-11-06;89;7.55 
2;20-05-06;95;3.84 
1;27-05-06;95;3.8 
5;19-05-07;29;2.97 
2;28-09-07;29;3.09 
2;01-07-07;29;2.99 
2;10-06-08;29;3.69
1;28-05-08;53;19.51
1;28-05-08;52;18.5
1;28-05-08;119;22.38
1;28-05-08;105;22.81
1;28-05-08;125;29.28
1;28-05-08;126;4.26
1;28-05-08;95;5.16
1;28-05-08;21;3.99
1;28-05-08;127;0.6
1;28-05-08;128;7.2
1;28-05-08;113;31.22
1;28-05-08;129;1.81
1;28-05-08;130;1.94
1;28-05-08;131;2.83
1;28-05-08;86;2.22
1;28-05-08;74;14.51
1;28-05-08;133;9.01
1;28-05-08;134;0.53
1;28-05-08;19;8.46
1;28-05-08;12;0.77
1;14-06-08;81;1.49
1;14-06-08;135;2.05
1;14-06-08;136;0.83
1;14-06-08;137;0.97
1;14-06-08;138;4.0
1;14-06-08;139;3.1
1;14-06-08;114;8.0
4;19-06-08;137;1.13
4;19-06-08;127;0.9
4;19-06-08;105;24.98
4;19-06-08;41;2.75
4;19-06-08;106;3.75
4;19-06-08;43;1.5
4;19-06-08;69;10.95
4;19-06-08;116;36.9
4;19-06-08;95;5.5
4;19-06-08;140;7.99
4;19-06-08;141;8.19
4;19-06-08;142;10.69
4;19-06-08;143;8.9
4;19-06-08;8;9.25
4;19-06-08;78;3.75
4;19-06-08;144;3.99
4;19-06-08;145;1.99
4;19-06-08;47;0.79
4;19-06-08;146;3.25
4;19-06-08;27;2.7
4;19-06-08;29;4.25
4;19-06-08;147;13.95
4;19-06-08;19;6.49
4;19-06-08;126;6.25
4;19-06-08;148;3.49
4;19-06-08;58;7.35
3;22-06-08;26;4.47
3;22-06-08;27;2.85
3;22-06-08;29;4.25
3;22-06-08;146;2.89
3;22-06-08;21;4.7
4;19-06-08;21;4.49
3;22-06-08;58;7.23
3;22-06-08;105;26.23
3;22-06-08;74;21.5
1;30-06-08;82;7.22
1;30-06-08;74;14.51
3;26-07-08;42;5.25
3;26-07-08;51;16.9
3;26-07-08;105;26.35
3;26-07-08;21;3.99
3;26-07-08;146;3.25
3;26-07-08;29;4.25
2;08-08-08;21;4.49
2;08-08-08;27;2.8
2;08-08-08;146;3.5
2;08-08-08;29;4.3
2;08-08-08;105;26.34
2;08-08-08;52;21.9
2;08-08-08;53;28.9
2;08-08-08;69;9.79
2;08-08-08;74;22.9
2;08-08-08;94;6.98
2;08-08-08;126;4.77
2;08-08-08;95;5.05
1;13-08-08;21;3.99
1;13-08-08;26;3.817
1;13-08-08;27;2.791
1;13-08-08;125;30.44
1;13-08-08;105;24.11
1;13-08-08;52;21.9
1;13-08-08;53;23.9
1;13-08-08;74;15.32
1;13-08-08;17;20.0
1;13-08-08;131;3.08
1;13-08-08;12;0.79
1;13-08-08;100;14.51
1;13-08-08;134;0.57
1;13-08-08;130;1.84
4;21-08-08;119;29.0
4;21-08-08;142;11.1
4;21-08-08;21;3.99
4;21-08-08;110;2.21
4;21-08-08;149;5.0
4;21-08-08;150;2.75
4;21-08-08;20;1.96
4;21-08-08;151;3.29
4;21-08-08;26;4.4
4;21-08-08;146;3.5
4;21-08-08;29;4.4
4;21-08-08;55;3.69
4;21-08-08;58;7.35
1;13-09-08;128;7.44
1;13-09-08;149;8.46
1;13-09-08;72;1.96
1;13-09-08;12;0.79
2;04-10-08;21;3.99
2;04-10-08;143;7.49
2;04-10-08;69;10.76
2;04-10-08;8;7.79
2;04-10-08;25;1.24
2;04-10-08;29;4.3
2;04-10-08;26;4.3
2;04-10-08;103;7.08
2;04-10-08;58;6.98
1;22-10-08;129;2.02
1;22-10-08;62;14.63
1;22-10-08;130;1.99
1;22-10-08;11;0.61
1;22-10-08;19;9.55
1;22-10-08;143;8.34
1;22-10-08;140;7.67
1;22-10-08;141;7.63
1;22-10-08;125;30.79
1;22-10-08;105;24.98
1;22-10-08;72;1.983
2;26-10-08;21;3.99
2;26-10-08;143;7.49
2;26-10-08;103;7.08
2;26-10-08;105;26.34
2;26-10-08;110;2.28
2;26-10-08;78;4.94
2;26-10-08;29;4.3
1;22-10-08;103;6.15
2;08-11-08;8;7.78
2;08-11-08;29;4.3
2;08-11-08;25;1.24
2;08-11-08;146;3.5
2;08-11-08;47;0.83
2;08-11-08;74;22.3
2;08-11-08;42;5.6
2;30-11-08;58;6.48
4;03-12-08;143;7.49
4;03-12-08;146;3.5
4;03-12-08;29;4.3
4;03-12-08;103;7.0
4;03-12-08;41;3.5
4;03-12-08;42;5.6
4;03-12-08;47;0.81
4;03-12-08;58;7.89
2;03-12-08;74;19.9
2;03-12-08;47;0.81
2;16-01-09;20;1.82
2;16-01-09;159;4.68
2;16-01-09;160;3.89
2;16-01-09;161;1.53
1;24-01-09;74;14.75
1;24-01-09;130;2.13
1;24-01-09;71;1.51
1;24-01-09;95;5.06
1;24-01-09;12;0.79
1;24-01-09;134;0.58
1;24-01-09;103;6.15
1;24-01-09;21;4.15
1;24-01-09;125;36.31
1;24-01-09;105;28.54
1;24-01-09;162;1.55
2;24-01-09;21;4.49
2;24-01-09;143;8.59
2;24-01-09;27;3.0
2;24-01-09;146;3.8
2;24-01-09;29;4.6
2;24-01-09;103;7.65
2;24-01-09;105;28.2
2;24-01-09;62;17.87
2;24-01-09;95;6.42
2;15-03-09;58;6.34
2;15-03-09;27;3.06
2;15-03-09;29;5.05
2;15-03-09;146;4.05
5;25-03-09;26;4.69
5;25-03-09;29;5.05
5;25-03-09;25;1.29
5;25-03-09;42;5.58
5;25-03-09;58;6.69
5;25-03-09;47;0.88
5;25-03-09;109;0.84
5;25-03-09;49;0.74
5;25-03-09;153;6.06
5;25-03-09;21;4.99
2;06-04-09;164;2.69
2;07-04-09;20;1.84
2;07-04-09;142;12.3
2;07-04-09;165;4.79
2;07-04-09;166;1.99
1;21-04-09;142;9.48
1;21-04-09;66;10.0
1;21-04-09;67;19.5
1;21-04-09;81;2.52
1;21-04-09;74;14.75
1;21-04-09;167;1.67
1;21-04-09;71;1.49
1;21-04-09;129;2.05
1;21-04-09;11;0.58
1;21-04-09;11;0.58
1;21-04-09;12;0.83
1;21-04-09;137;1.21
5;29-04-09;51;25.5
5;29-04-09;53;24.34
5;29-04-09;121;16.97
5;29-04-09;168;14.97
5;29-04-09;146;4.05
5;29-04-09;26;4.69
5;29-04-09;58;6.69
2;06-05-09;146;4.05
2;06-05-09;29;5.05
2;06-05-09;41;3.5
2;06-05-09;42;5.59
2;06-05-09;164;2.69
2;06-05-09;52;20.9
2;06-05-09;53;28.9
2;06-05-09;58;6.68
2;06-05-09;61;25.55
2;06-05-09;62;20.0
2;06-05-09;78;4.25
2;06-05-09;20;1.75
2;06-05-09;159;4.57
2;22-05-09;129;2.08
2;22-05-09;169;1.88
2;22-05-09;69;11.75
2;22-05-09;74;22.12
2;22-05-09;126;6.09
2;22-05-09;95;6.0
2;22-05-09;26;4.68
2;22-05-09;146;4.05
2;22-05-09;29;5.05
2;22-05-09;25;1.24
2;22-05-09;153;6.99
1;27-05-09;142;10.28
1;27-05-09;127;0.78
1;27-05-09;11;0.66
1;27-05-09;131;3.73
1;27-05-09;99;0.66
1;27-05-09;62;18.09
1;27-05-09;71;1.41
1;27-05-09;74;15.11
1;27-05-09;66;10.29
1;27-05-09;67;20.99
1;27-05-09;21;4.6
1;27-05-09;143;8.99
1;27-05-09;29;4.89
1;27-05-09;125;34.49
5;03-06-09;142;12.1
5;03-06-09;21;4.48
5;03-06-09;143;9.99
5;03-06-09;26;4.69
5;03-06-09;146;4.05
5;03-06-09;29;4.9
5;03-06-09;55;5.07
5;03-06-09;62;21.97
5;03-06-09;69;13.26
5;03-06-09;74;21.9
5;03-06-09;95;6.4
5;03-06-09;20;2.43
5;03-06-09;47;0.88
2;13-06-09;41;3.5
2;13-06-09;159;4.59
5;24-06-09;21;4.48
5;24-06-09;170;5.79
5;24-06-09;153;6.99
5;24-06-09;171;2.58
5;24-06-09;26;4.68
1;30-06-09;11;0.66
1;30-06-09;99;0.66
1;30-06-09;12;0.83
1;30-06-09;74;15.05
1;30-06-09;128;7.38
1;30-06-09;21;4.38
1;30-06-09;143;8.8
1;30-06-09;26;4.09
1;30-06-09;125;33.38
1;30-06-09;164;3.65
1;30-06-09;95;5.86
5;01-07-09;20;2.43
5;01-07-09;29;4.9
5;01-07-09;105;29.98
5;01-07-09;164;3.64
5;01-07-09;94;7.32
5;01-07-09;95;5.46
5;01-07-09;47;0.89
5;01-07-09;159;4.55
5;01-07-09;143;9.48
5;01-07-09;26;4.68
5;01-07-09;146;4.05
3;23-07-09;20;2.55
2;24-07-09;71;2.48
5;29-07-09;142;12.77
5;29-07-09;74;21.91
5;29-07-09;95;6.35
5;29-07-09;172;3.87
5;29-07-09;26;4.68
5;29-07-09;146;4.05
5;29-07-09;171;2.78
1;03-08-09;74;15.05
1;03-08-09;173;9.5
1;03-08-09;128;8.32
1;03-08-09;12;0.84
1;03-08-09;99;0.66
1;03-08-09;11;0.66
1;03-08-09;142;10.39
1;03-08-09;21;4.6
1;03-08-09;143;8.8
1;03-08-09;95;6.09
2;13-08-09;21;4.99
2;13-08-09;146;3.99
2;13-08-09;29;4.9
2;13-08-09;55;5.17
2;13-08-09;58;7.48
2;13-08-09;174;8.17
2;13-08-09;159;4.86
5;26-08-09;19;12.33
5;26-08-09;21;5.08
5;26-08-09;143;9.99
5;26-08-09;26;4.84
5;26-08-09;29;4.98
5;26-08-09;55;4.55
5;26-08-09;95;6.06
5;26-08-09;110;2.34
5;26-08-09;146;4.1
5;26-08-09;171;2.99
5;26-08-09;47;0.92
5;16-09-09;146;4.05
5;16-09-09;29;4.89
5;16-09-09;110;2.32
5;16-09-09;129;2.39
5;16-09-09;20;2.44
5;16-09-09;142;11.14
5;16-09-09;42;6.3
5;16-09-09;171;2.9
5;16-09-09;143;9.99
1;21-09-09;74;15.28
1;21-09-09;99;0.57
1;21-09-09;11;0.57
1;21-09-09;70;1.81
1;21-09-09;21;4.6
1;21-09-09;143;8.79
2;28-09-09;159;4.65
1;27-05-06;12;0.48
1;27-05-06;19;5.29
1;27-05-06;71;0.85
1;27-05-06;74;9.67
2;20-05-06;4;3.91
2;20-05-06;12;0.743
2;27-12-05;20;1.15
2;20-05-06;27;2.14
2;20-05-06;23;2.14
2;20-05-06;41;2.29
2;20-05-06;55;2.51
2;06-07-07;58;4.14
2;06-05-06;69;8.49
2;20-05-06;74;14.2
2;06-07-07;94;3.68
2;09-10-09;175;5.89
2;09-10-09;176;5.89
2;09-10-09;142;13.59
2;09-10-09;12;1.23
2;09-10-09;21;4.99
2;09-10-09;143;8.99
2;09-10-09;146;4.05
2;09-10-09;29;4.89
2;09-10-09;105;31.77
2;09-10-09;110;2.49
2;09-10-09;58;6.89
2;09-10-09;159;4.65
2;09-10-09;69;10.29
2;09-10-09;94;8.15
2;09-10-09;95;6.66
1;21-10-09;142;11.19
1;21-10-09;21;4.6
1;21-10-09;143;8.79
1;21-10-09;74;15.55
1;21-10-09;99;0.56
1;21-10-09;11;0.56
5;28-10-09;146;3.9
5;28-10-09;29;4.9
5;28-10-09;142;12.8
5;28-10-09;153;7.29
5;28-10-09;8;8.95
5;28-10-09;95;5.85
5;28-10-09;55;5.49
5;28-10-09;129;2.39
5;28-10-09;94;9.4
5;28-10-09;110;2.48
5;28-10-09;171;2.96
5;28-10-09;175;5.95
5;28-10-09;176;5.95
5;28-10-09;137;5.05
2;06-11-09;58;6.89
2;06-11-09;142;13.75
2;06-11-09;146;3.79
2;06-11-09;29;5.09
1;15-11-09;95;6.84
1;15-11-09;11;0.66
1;15-11-09;99;0.66
1;15-11-09;74;15.55
5;25-11-09;146;4.1
5;25-11-09;26;5.06
5;25-11-09;21;4.99
5;25-11-09;159;4.8
5;25-11-09;110;2.65
5;25-11-09;129;2.59
5;25-11-09;55;4.9
5;25-11-09;49;0.69
5;25-11-09;47;0.95
5;25-11-09;51;32.0
5;25-11-09;52;31.0
5;25-11-09;177;26.0
5;25-11-09;178;21.15
5;30-12-09;95;5.79
5;30-12-09;41;3.08
5;30-12-09;179;5.99
5;30-12-09;94;8.9
5;30-12-09;171;3.48
5;30-12-09;180;8.47
5;30-12-09;103;7.97
5;30-12-09;55;5.49
5;30-12-09;129;2.59
5;30-12-09;20;2.64
5;30-12-09;159;4.75
1;07-01-10;74;18.14
1;07-01-10;128;6.95
1;07-01-10;12;0.84
1;07-01-10;181;1.384
1;07-01-10;21;4.39
1;07-01-10;143;9.56
1;07-01-10;103;7.61
1;07-01-10;178;18.9
1;07-01-10;51;25.4
1;07-01-10;52;27.9
1;07-01-10;53;28.89
1;07-01-10;128;6.95
2;11-01-10;182;7.83
2;11-01-10;183;22.86
2;11-01-10;55;5.59
2;11-01-10;61;29.27
2;11-01-10;26;5.06
2;11-01-10;146;4.09
2;11-01-10;29;5.5
2;11-01-10;41;3.15
2;16-01-10;19;17.45
2;16-01-10;50;20.9
2;16-01-10;178;22.9
2;16-01-10;177;24.9
2;16-01-10;51;23.9
2;16-01-10;52;30.9
2;16-01-10;53;37.9
2;16-01-10;94;9.59
2;16-01-10;95;6.53
5;20-01-10;171;3.63
5;20-01-10;146;4.1
5;20-01-10;29;4.9
5;20-01-10;26;5.0
5;20-01-10;178;23.0
5;20-01-10;144;5.58
5;20-01-10;176;6.49
5;20-01-10;175;6.49
5;20-01-10;61;27.94
5;20-01-10;179;8.96
5;20-01-10;142;15.3
5;20-01-10;159;5.08
5;20-01-10;94;8.9
5;20-01-10;95;6.53
5;20-01-10;180;8.47
2;22-01-10;26;5.35
5;29-01-10;171;3.56
5;29-01-10;41;3.75
5;29-01-10;159;4.7
2;30-01-10;171;3.59
2;30-01-10;47;0.97
2;30-01-10;49;0.79
2;30-01-10;29;4.95
2;05-02-10;179;8.49
2;05-02-10;142;13.99
2;05-02-10;26;5.09
2;05-02-10;172;4.1
2;05-02-10;146;4.0
2;05-02-10;29;4.95
2;05-02-10;129;2.55
2;05-02-10;159;4.85
2;05-02-10;165;5.99
2;05-02-10;153;7.69
2;05-02-10;87;4.09
2;05-02-10;70;2.42
1;11-02-10;62;20.56
1;11-02-10;74;17.97
1;11-02-10;66;11.99
1;11-02-10;99;0.76
1;11-02-10;11;0.76
1;11-02-10;184;5.19
1;11-02-10;95;6.43
2;12-02-10;95;5.79
2;12-02-10;180;8.07
2;12-02-10;103;9.55
2;12-02-10;184;4.66
5;03-03-10;175;7.66
5;03-03-10;176;7.6
5;03-03-10;144;6.89
5;03-03-10;182;13.46
5;03-03-10;21;5.19
5;03-03-10;143;10.39
5;03-03-10;26;5.35
5;03-03-10;172;4.55
5;03-03-10;29;5.5
5;03-03-10;58;9.9
2;05-03-10;143;10.45
2;05-03-10;26;4.9
2;05-03-10;146;3.99
2;05-03-10;185;4.1
2;05-03-10;29;5.35
2;05-03-10;55;5.89
2;05-03-10;69;12.99
2;05-03-10;142;13.99
5;17-03-10;21;5.19
5;17-03-10;143;10.39
5;17-03-10;26;5.35
5;17-03-10;146;4.1
5;17-03-10;29;5.5
5;17-03-10;74;25.2
5;17-03-10;94;8.4
5;17-03-10;95;7.69
1;22-03-10;70;2.12
1;22-03-10;74;17.97
1;22-03-10;11;0.64
1;22-03-10;175;6.619
1;22-03-10;142;12.3
1;22-03-10;21;4.68
1;22-03-10;176;6.73
1;22-03-10;144;6.76
1;22-03-10;128;8.4
1;22-03-10;173;12.69
1;22-03-10;70;2.12
1;22-03-10;95;5.95
2;26-03-10;47;0.98
2;26-03-10;146;3.65
2;26-03-10;41;4.0
1;14-04-10;74;21.16
1;14-04-10;99;0.76
2;02-05-10;29;5.18
2;02-05-10;26;5.06
2;02-05-10;185;3.86
2;02-05-10;143;9.9
2;02-05-10;110;3.19
5;07-05-10;110;3.19
5;07-05-10;21;5.19
5;07-05-10;143;10.39
5;07-05-10;26;5.35
5;07-05-10;146;4.1
5;07-05-10;185;4.1
5;07-05-10;29;5.5
5;07-05-10;69;11.84
5;07-05-10;74;32.0
2;15-05-10;110;3.19
2;15-05-10;159;5.19
2;15-05-10;176;6.45
2;15-05-10;175;6.45
2;15-05-10;144;5.75
2;15-05-10;55;5.89
2;15-05-10;20;2.79
2;15-05-10;95;7.85
2;15-05-10;94;9.84
2;15-05-10;143;10.45
2;15-05-10;26;5.65
2;15-05-10;146;4.4
2;15-05-10;69;11.75
1;18-05-10;143;8.95
1;18-05-10;12;0.94
1;18-05-10;128;8.7
1;18-05-10;74;21.84
1;18-05-10;95;6.42
2;23-05-10;47;1.05
2;23-05-10;41;4.0
2;23-05-10;159;5.99
2;29-05-10;12;1.25
2;19-06-10;110;3.2
2;19-06-10;175;7.59
2;19-06-10;61;33.0
2;19-06-10;186;6.0
2;19-06-10;176;7.45
1;24-06-10;175;6.62
1;24-06-10;176;6.73
1;24-06-10;144;5.8
1;24-06-10;125;40.54
1;24-06-10;105;31.13
1;24-06-10;41;4.04
1;24-06-10;74;21.84
1;24-06-10;17;35.49
1;24-06-10;116;39.68
1;24-06-10;187;27.09
1;24-06-10;128;8.7
1;24-06-10;11;0.68
1;24-06-10;99;0.68
2;26-06-10;161;2.69
2;26-06-10;179;8.08
2;26-06-10;12;1.4
2;26-06-10;165;6.95
2;26-06-10;70;2.62
5;30-06-10;20;2.98
5;30-06-10;21;5.45
5;30-06-10;143;10.9
5;30-06-10;146;4.4
5;30-06-10;185;4.4
5;30-06-10;171;4.35
5;30-06-10;69;11.84
5;30-06-10;70;2.62
5;30-06-10;95;7.33
5;30-06-10;25;1.47
5;30-06-10;110;3.24
2;17-07-10;186;5.99
2;17-07-10;175;7.59
2;17-07-10;143;10.75
2;17-07-10;146;4.4
2;17-07-10;185;4.4
2;17-07-10;29;5.8
2;17-07-10;176;7.45
2;17-07-10;105;31.95
2;17-07-10;110;3.4
1;20-07-10;74;21.84
1;20-07-10;187;27.94
2;24-07-10;95;7.85
2;24-07-10;12;1.4
2;24-07-10;55;6.09
1;09-08-10;129;2.99
1;09-08-10;69;11.75
1;09-08-10;74;22.28
1;09-08-10;128;8.7
1;09-08-10;125;42.84
1;09-08-10;105;33.66
1;09-08-10;99;0.69
1;09-08-10;12;0.95
1;09-08-10;95;7.3
5;18-08-10;110;3.4
5;18-08-10;25;1.47
5;18-08-10;55;6.09
5;18-08-10;129;2.45
5;18-08-10;74;28.9
5;18-08-10;94;10.4
5;18-08-10;95;8.06
5;18-08-10;20;2.95
5;18-08-10;26;5.69
5;18-08-10;146;3.64
5;18-08-10;29;6.25
1;31-08-10;74;22.28
1;31-08-10;72;2.24
1;31-08-10;128;8.7
1;31-08-10;188;7.21
1;31-08-10;189;6.65
1;31-08-10;95;7.26
1;31-08-10;21;5.41
1;31-08-10;29;5.84
1;31-08-10;125;45.78
1;31-08-10;105;37.06
2;04-09-10;29;5.9
2;04-09-10;110;3.4
2;04-09-10;176;7.75
2;04-09-10;175;7.89
2;04-09-10;144;6.9
2;11-09-10;146;4.9
2;11-09-10;29;6.5
2;11-09-10;188;7.29
2;11-09-10;125;51.09
2;11-09-10;153;9.49
2;11-09-10;29;5.89
5;20-10-10;20;2.98
5;20-10-10;21;5.79
5;20-10-10;143;11.5
5;20-10-10;26;6.39
5;20-10-10;146;4.9
5;20-10-10;185;4.9
5;20-10-10;29;6.5
5;20-10-10;188;8.0
5;20-10-10;110;3.4
5;20-10-10;94;11.45
5;20-10-10;95;7.33
5;20-10-10;58;12.92
5;20-10-10;25;1.6
1;01-11-10;74;21.77
1;01-11-10;137;1.59
1;01-11-10;11;0.85
1;01-11-10;12;1.13
1;01-11-10;105;33.6
1;01-11-10;173;14.5
1;01-11-10;62;24.8
1;01-11-10;95;7.5
2;27-11-10;21;5.54
2;27-11-10;143;11.59
2;27-11-10;146;4.78
2;27-11-10;29;5.99
2;27-11-10;41;3.99
2;27-11-10;175;7.89
2;27-11-10;110;3.4
2;27-11-10;144;7.15
2;27-11-10;176;7.75
2;27-11-10;58;11.14
2;04-12-10;21;5.54
2;04-12-10;143;11.59
2;04-12-10;146;4.9
2;04-12-10;29;5.99
1;03-12-10;74;21.22
2;12-12-10;26;6.39
2;12-12-10;146;5.09
2;12-12-10;29;6.5
2;12-12-10;51;31.9
2;12-12-10;52;34.9
2;12-12-10;53;38.9
1;28-12-10;74;21.22
2;08-01-11;94;11.58
2;08-01-11;95;8.84
2;08-01-11;146;4.9
2;08-01-11;29;6.5
5;26-01-11;110;3.4
5;26-01-11;20;3.15
5;26-01-11;47;1.06
5;26-01-11;188;10.6
5;26-01-11;25;2.21
5;26-01-11;26;6.39
5;26-01-11;29;7.5
5;26-01-11;146;4.9
5;26-01-11;95;8.0
5;26-01-11;74;28.9
1;27-01-11;47;1.01
1;27-01-11;66;16.79
1;27-01-11;61;35.92
1;27-01-11;74;21.77
1;27-01-11;187;25.4
2;01-02-11;58;13.19
2;05-02-11;129;3.15
2;05-02-11;110;3.4
2;05-02-11;189;9.29
2;05-02-11;26;7.35
2;05-02-11;146;4.9
2;05-02-11;29;7.7
2;11-02-11;58;13.16
4;12-02-11;21;5.8
4;12-02-11;143;11.5
4;12-02-11;26;7.55
4;12-02-11;146;5.7
4;12-02-11;29;7.7
4;12-02-11;188;13.2
3;12-02-11;143;11.5
3;12-02-11;146;5.99
3;12-02-11;29;7.7
3;12-02-11;188;13.2
5;23-02-11;25;2.21
5;23-02-11;146;5.7
5;23-02-11;26;7.55
5;23-02-11;145;3.8
5;23-02-11;159;5.3
5;23-02-11;20;3.16
5;23-02-11;70;3.19
5;23-02-11;179;8.8
5;23-02-11;74;32.9
5;23-02-11;95;7.33
5;23-02-11;12;1.67
5;23-02-11;21;6.69
5;23-02-11;143;13.29
5;23-02-11;188;13.2
5;23-02-11;125;51.29
1;24-02-11;74;21.21
1;24-02-11;190;18.49
1;24-02-11;113;43.55
2;06-03-11;29;7.29
2;06-03-11;179;10.4
2;06-03-11;50;23.9
2;06-03-11;110;3.58
2;20-04-11;21;6.85
2;20-04-11;143;13.15
2;20-04-11;26;7.55
2;20-04-11;146;5.49
2;20-04-11;29;7.29
2;20-04-11;188;11.45
2;20-04-11;125;54.64
2;20-04-11;110;3.45
2;20-04-11;145;3.69
2;20-04-11;69;14.15
2;20-04-11;70;3.25
2;20-04-11;72;3.47
2;20-04-11;88;5.75
1;25-04-11;74;26.51
1;25-04-11;129;3.35
1;25-04-11;191;52.01
1;25-04-11;12;1.11
1;25-04-11;162;2.41
1;25-04-11;167;2.62
1;25-04-11;142;13.51
1;25-04-11;21;6.08
1;25-04-11;143;11.1
1;25-04-11;125;47.02
1;25-04-11;177;23.9
1;25-04-11;51;28.9
1;25-04-11;52;30.99
1;25-04-11;53;33.91
1;25-04-11;66;19.0
1;25-04-11;70;2.54
2;29-04-11;192;2.0
1;25-04-11;192;1.18
2;07-05-11;175;9.45
2;07-05-11;144;7.75
2;07-05-11;176;6.45
1;14-05-11;191;52.01
1;14-05-11;74;26.61
1;14-05-11;192;0.96
1;14-05-11;187;28.68
2;24-05-11;21;7.15
2;24-05-11;143;13.15
2;24-05-11;146;5.49
2;24-05-11;188;11.99
2;24-05-11;47;1.15
1;27-05-11;136;1.49
1;27-05-11;128;12.33
1;27-05-11;11;1.01
1;27-05-11;192;1.18
1;27-05-11;74;22.91
2;03-06-11;192;1.89
2;03-06-11;20;3.33
2;03-06-11;153;10.7
2;10-06-11;179;11.61
2;10-06-11;142;22.69
2;10-06-11;110;3.75
2;10-06-11;129;3.15
5;21-06-11;188;13.2
5;21-06-11;143;13.5
5;21-06-11;26;7.7
5;21-06-11;146;5.7
5;21-06-11;29;7.7
5;21-06-11;125;54.64
5;21-06-11;72;4.2
5;21-06-11;70;3.8
5;21-06-11;71;3.2
5;21-06-11;129;3.45
5;21-06-11;55;7.99
5;21-06-11;8;11.29
5;21-06-11;153;10.69
5;21-06-11;95;9.63
5;21-06-11;94;13.5
5;21-06-11;58;14.25
5;21-06-11;192;1.93
1;21-06-11;74;19.89
5;06-07-11;26;7.28
5;06-07-11;172;5.68
1;07-07-11;74;22.91
1;07-07-11;70;2.77
1;07-07-11;12;1.31
1;07-07-11;192;1.18
1;07-07-11;190;20.45
2;17-07-11;179;11.75
2;23-07-11;176;8.45
2;23-07-11;175;9.15
2;23-07-11;61;47.25
2;23-07-11;95;10.46
2;23-07-11;146;6.09
1;03-08-11;94;9.65
1;04-08-11;192;1.18
1;04-08-11;191;47.25
1;04-08-11;12;1.31
1;04-08-11;179;7.98
1;04-08-11;74;22.91
3;04-08-11;175;11.57
3;04-08-11;176;10.39
3;04-08-11;144;9.53
3;04-08-11;26;8.57
3;04-08-11;29;8.57
3;04-08-11;146;6.53
3;04-08-11;110;4.23
3;04-08-11;12;1.95
3;04-08-11;21;7.49
3;04-08-11;143;14.99
3;04-08-11;188;14.55
3;04-08-11;47;1.33
3;04-08-11;55;8.03
3;04-08-11;61;48.03
3;04-08-11;70;4.33
3;04-08-11;72;4.43
3;04-08-11;94;14.87
3;04-08-11;95;10.99
2;06-08-11;12;2.11
2;06-08-11;192;2.15
2;06-08-11;143;13.99
2;06-08-11;26;8.0
2;06-08-11;29;7.9
2;06-08-11;188;13.65
2;06-08-11;125;58.49
2;06-08-11;74;36.5
2;06-08-11;94;13.5
2;06-08-11;95;9.4
1;16-08-11;74;23.82
1;29-08-11;193;11.61
1;29-08-11;189;7.96
1;29-08-11;94;9.87
1;29-08-11;95;8.91
1;19-09-11;74;23.53
1;19-09-11;12;1.31
1;19-09-11;191;50.47
2;08-10-11;142;22.99
2;08-10-11;143;14.65
2;08-10-11;146;6.1
2;08-10-11;29;7.39
2;08-10-11;188;13.45
2;08-10-11;176;9.45
2;08-10-11;50;26.9
2;08-10-11;51;34.9
2;08-10-11;52;38.49
2;08-10-11;53;48.9
2;08-10-11;129;3.63
2;15-10-11;26;8.0
2;15-10-11;110;3.75
2;15-10-11;194;4.24
2;15-10-11;29;8.0
2;15-10-11;74;37.3
1;19-10-11;12;1.31
1;19-10-11;191;50.47
1;19-10-11;74;23.55
1;11-11-11;70;3.11
1;11-11-11;74;22.98
2;03-12-11;144;9.65
2;03-12-11;175;11.45
2;03-12-11;143;17.0
2;03-12-11;146;6.85
2;03-12-11;29;7.99
2;03-12-11;188;16.0
1;10-12-11;153;11.45
1;10-12-11;47;1.4
1;10-12-11;12;1.97
1;10-12-11;192;1.81
1;10-12-11;29;9.6
1;10-12-11;94;14.32
1;21-12-11;74;22.98
1;21-12-11;12;1.57
1;21-12-11;192;1.19
1;21-12-11;191;50.48
3;05-01-12;142;27.17
3;05-01-12;55;8.77
3;05-01-12;58;20.13
3;05-01-12;26;10.27
3;05-01-12;29;10.27
3;05-01-12;21;9.05
3;05-01-12;188;17.03
3;05-01-12;12;2.29
3;05-01-12;146;7.33
3;05-01-12;176;11.19
3;05-01-12;144;10.27
3;05-01-12;47;1.53
3;05-01-12;110;4.45
3;05-01-12;194;4.93
3;05-01-12;129;4.27
3;05-01-12;69;12.99
3;05-01-12;70;4.83
3;05-01-12;72;4.89
3;05-01-12;94;16.05
3;05-01-12;95;12.29
2;07-01-12;29;9.05
2;07-01-12;176;9.65
2;13-01-12;193;19.0
2;13-01-12;142;25.45
2;13-01-12;172;7.65
2;13-01-12;29;9.6
2;13-01-12;110;4.09
2;13-01-12;194;4.3
2;13-01-12;72;4.58
2;13-01-12;74;33.9
2;15-01-12;129;3.75
2;15-01-12;95;10.66
2;15-01-12;94;14.45
1;17-01-12;74;23.55
1;17-01-12;191;50.48
1;17-01-12;72;3.01
1;17-01-12;128;12.69
1;17-01-12;99;1.1
1;17-01-12;12;1.57
1;17-01-12;192;1.53
1;17-01-12;47;1.17
1;17-01-12;179;9.96
1;17-01-12;188;16.02
1;17-01-12;94;10.62
1;17-01-12;95;10.13
1;17-01-12;21;7.65
2;20-01-12;58;18.49
1;08-02-12;128;12.69
1;08-02-12;12;1.54
1;08-02-12;99;1.1
1;08-02-12;192;1.53
1;08-02-12;74;22.37
2;12-02-12;193;19.0
2;12-02-12;175;9.65
2;12-02-12;21;8.65
2;12-02-12;143;18.0
2;12-02-12;146;6.85
2;12-02-12;188;12.0
2;12-02-12;176;9.45
2;12-02-12;144;8.65
2;04-03-12;175;10.57
1;04-03-12;142;17.53
2;04-03-12;142;26.85
2;04-03-12;179;10.59
1;10-03-12;144;9.45
1;10-03-12;175;10.45
1;16-03-12;74;25.28
1;16-03-12;99;1.24
1;16-03-12;192;1.53
1;16-03-12;12;1.45
2;04-04-12;58;18.49
1;16-04-12;74;26.0
1;16-04-12;191;53.76
1;16-04-12;99;1.24
1;16-04-12;12;1.45
1;16-04-12;192;1.53
1;18-04-12;58;19.3
2;20-04-12;61;45.8
2;20-04-12;99;1.58
2;20-04-12;12;2.15
2;20-04-12;192;2.15
2;20-04-12;146;8.0
2;20-04-12;29;10.0
2;20-04-12;188;16.65
2;27-04-12;29;11.1
2;27-04-12;194;5.65
2;27-04-12;110;3.75
1;07-05-12;12;1.45
1;07-05-12;74;26.32
2;11-05-12;186;10.45
1;31-05-12;74;27.82
1;31-05-12;192;1.65
1;31-05-12;128;13.18
1;31-05-12;191;59.24
1;31-05-12;12;1.45
1;16-06-12;74;26.32
2;22-06-12;142;29.15
2;22-06-12;29;11.1
2;22-06-12;188;20.65
2;22-06-12;50;27.49
2;22-06-12;51;35.9
2;22-06-12;52;35.9
2;22-06-12;53;43.9
2;22-06-12;55;8.09
2;22-06-12;70;4.75
2;22-06-12;94;21.8
2;22-06-12;95;14.0
2;22-06-12;58;21.0
1;06-07-12;74;26.58
1;06-07-12;12;1.56
2;13-07-12;29;11.1
2;13-07-12;146;8.0
2;13-07-12;125;63.11
2;13-07-12;95;14.0
1;15-08-12;12;1.56
1;15-08-12;188;21.52
1;15-08-12;95;16.13
1;15-08-12;142;21.77
1;15-08-12;128;14.04
1;15-08-12;74;27.38
2;18-08-12;21;11.15
2;18-08-12;26;12.7
2;18-08-12;29;12.7
2;18-08-12;146;9.1
2;18-08-12;188;21.15
2;18-08-12;47;1.53
2;18-08-12;53;47.15
2;18-08-12;58;21.65
2;18-08-12;94;21.8
2;18-08-12;95;16.57
2;18-08-12;74;47.5
2;12-10-12;143;23.15
2;12-10-12;146;9.1
2;12-10-12;188;19.85
2;12-10-12;29;12.68
2;12-10-12;95;17.45
1;18-10-12;74;27.82
2;03-11-12;21;11.15
2;03-11-12;143;23.15
2;03-11-12;26;12.7
2;03-11-12;188;22.45
2;03-11-12;50;29.9
2;03-11-12;53;54.9
1;12-11-12;142;23.53
1;12-11-12;12;1.69
1;12-11-12;191;57.1
2;24-11-12;21;11.65
2;24-11-12;143;23.15
2;24-11-12;26;12.7
2;24-11-12;146;10.9
2;24-11-12;29;14.25
2;24-11-12;188;22.45
2;24-11-12;95;17.1
1;04-12-12;74;27.82
1;04-12-12;142;21.77
1;04-12-12;192;2.2
2;06-12-12;26;14.65
2;06-12-12;58;23.45
2;22-12-12;29;12.7
2;22-12-12;143;25.0
2;22-12-12;26;12.85
2;22-12-12;188;25.45
2;22-12-12;146;9.1
1;03-01-13;192;2.2
1;03-01-13;12;1.69
1;03-01-13;191;60.49
1;03-01-13;74;28.79
1;03-01-13;128;15.72
2;04-01-13;21;12.65
2;04-01-13;143;25.0
2;04-01-13;26;12.85
2;04-01-13;146;9.4
2;04-01-13;29;13.1
2;04-01-13;188;21.85
2;04-01-13;23;9.65
1;02-03-13;26;10.96
1;02-03-13;21;10.36
1;02-03-13;53;36.18
1;02-03-13;74;32.66
2;02-03-13;21;13.15
2;02-03-13;143;25.15
2;02-03-13;29;13.1
2;02-03-13;26;12.85
2;02-03-13;23;9.65
1;06-03-13;72;4.19
1;28-03-13;74;33.87
2;01-04-13;94;26.0
2;01-04-13;95;17.45
1;15-04-13;142;24.19
1;15-04-13;95;18.64
1;15-04-13;21;9.29
1;15-04-13;74;33.87
1;15-04-13;72;4.19
1;15-04-13;94;21.76
1;08-05-13;21;9.3
1;08-05-13;74;35.04
1;08-05-13;192;2.2
1;08-05-13;179;13.85
3;09-05-13;179;14.8
3;09-05-13;142;30.99
3;09-05-13;21;13.49
3;09-05-13;143;23.75
3;09-05-13;23;9.1
3;09-05-13;26;14.03
3;09-05-13;29;14.03
3;09-05-13;146;9.75
3;09-05-13;74;56.9
3;09-05-13;95;18.67
3;09-05-13;94;28.79
1;29-05-13;74;35.04
1;29-05-13;12;1.77
1;29-05-13;128;16.76
1;29-05-13;125;60.88
1;29-05-13;142;24.19
1;29-05-13;179;13.9
2;31-05-13;142;29.0
3;02-07-13;29;14.87
3;02-07-13;26;14.87
1;02-07-13;12;1.92
1;02-07-13;21;11.45
1;02-07-13;143;22.9
1;02-07-13;29;14.11
1;02-07-13;26;12.1
1;02-07-13;74;37.5
2;18-07-13;142;30.73
2;18-07-13;21;12.2
2;18-07-13;143;23.15
2;18-07-13;26;13.9
2;18-07-13;29;13.9
2;18-07-13;188;23.1
2;18-07-13;52;43.9
2;18-07-13;52;46.9
2;18-07-13;53;68.9
2;18-07-13;58;27.17
2;18-07-13;94;27.84
2;18-07-13;95;19.3
2;09-08-13;29;13.9
2;09-08-13;188;23.79
2;09-08-13;52;34.9
2;09-08-13;53;69.9
2;09-08-13;95;18.67
3;03-09-13;95;22.9
3;03-09-13;23;9.43
3;03-09-13;26;14.87
3;03-09-13;29;16.27
1;27-09-13;74;37.5
1;27-09-13;192;2.08
1;27-09-13;12;1.91
1;27-09-13;94;30.25
1;01-10-13;95;22.9
3;01-10-13;94;30.85
3;01-10-13;29;15.2
3;01-10-13;26;15.2
1;28-10-13;195;42.0
1;28-10-13;192;2.0
1;28-10-13;71;3.5
1;28-10-13;74;37.5
1;28-10-13;191;67.25
2;08-11-13;26;16.5
2;08-11-13;29;16.5
3;08-11-13;29;18.0
3;08-11-13;26;18.0
1;11-12-13;74;40.89
1;11-12-13;71;3.5
3;30-01-14;94;45.05
3;30-01-14;95;42.79
3;30-01-14;29;18.0
3;30-01-14;26;18.0
3;30-01-14;143;28.89
3;30-01-14;21;14.87
1;28-01-14;191;92.43
1;28-01-14;74;35.05
1;28-01-14;128;30.26
5;31-01-14;21;13.95
5;31-01-14;26;18.2
5;31-01-14;94;36.0
2;31-01-14;196;135.0
2;31-01-14;94;28.32
2;31-01-14;95;30.29
2;31-01-14;29;16.5
2;31-01-14;26;16.5
3;07-03-14;29;20.39
3;07-03-14;26;20.39
3;07-03-14;23;13.7
3;07-03-14;94;45.05
3;07-03-14;95;40.66
1;07-03-14;74;43.55
1;07-03-14;191;92.43
1;07-03-14;195;54.89
1;07-03-14;94;28.52
1;07-03-14;95;33.02
1;07-03-14;192;2.69
2;14-03-14;23;12.8
2;14-03-14;26;19.05
2;14-03-14;29;19.05
2;14-03-14;125;82.35
1;12-04-14;74;44.39
1;12-04-14;191;92.43
1;12-04-14;142;33.87
1;12-04-14;195;53.01
2;30-07-14;95;43.0
1;08-08-14;192;2.6
1;08-08-14;74;47.34
1;08-08-14;191;103.19
1;03-09-14;95;36.79
1;03-09-14;74;53.23
1;18-10-14;74;52.02
1;18-10-14;197;35.8
1;18-10-14;192;2.54
1;14-01-15;192;2.66
1;14-01-15;71;5.75
1;14-01-15;12;2.72
1;14-01-15;74;55.53
1;14-01-15;95;40.0
1;17-02-15;23;15.26
1;17-02-15;26;21.58
1;17-02-15;95;40.0
1;17-02-15;179;23.47
1;28-05-15;74;56.01
2;01-08-15;23;20.38
2;01-08-15;21;22.85
2;01-08-15;143;43.55
2;01-08-15;26;27.45
2;01-08-15;146;22.0
2;01-08-15;29;29.0
2;01-08-15;125;125.84
2;01-08-15;58;51.0
2;01-08-15;94;63.0
2;01-08-15;95;44.67
2;01-08-15;196;225.0
2;01-08-15;198;85.0
2;01-08-15;199;92.0
2;01-08-15;178;57.0
2;01-08-15;200;105.0
1;12-08-15;12;3.39
1;12-08-15;74;58.91
1;12-08-15;192;3.63
1;12-08-15;95;39.42
1;17-02-16;74;51.78
3;11-11-15;153;30.0
3;11-11-15;201;12.35
3;11-11-15;202;30.85
3;11-11-15;138;33.8
3;15-12-15;105;116.49
3;15-12-15;24;9.1
